172025     32.0      4      3.6
172040     32.0      4      3.6
172055     32.0      4      3.6
172110     32.0      5      3.7
172126     32.0      5      3.7
172141     32.0      5      3.8
172156     32.0      5      3.7
172211     33.0      5      3.6
172226     31.0      5      3.9
172241     32.0      6      3.9
172257     32.0      6      3.7
172312     32.0      6      3.9
172327     32.0      6      3.9
172342     32.0      7      3.9
172357     32.0      7      3.9
172412     32.0      7      3.7
172427     32.0      7      3.9
172442     32.0      8      3.9
172458     32.0      8      3.9
172513     32.0      8      3.9
172528     32.0      8      3.9
172543     32.0      9      3.9
172558     32.0      9      3.9
172613     32.0      9      3.9
172629     32.0      9      3.9
172644     32.0      9      3.9
172659     32.0      9      3.9
172715     32.0      10      3.9
172730     32.0      10      3.9
172745     32.0      10      3.9
172800     33.0      10      3.9
172815     33.0      10      3.9
172830     33.0      11      3.9
172846     33.0      11      3.9
172901     33.0      11      3.9
172916     33.0      11      3.9
172931     33.0      12      3.9
172946     33.0      12      3.9
173001     33.0      12      3.9
173016     33.0      12      3.9
173032     33.0      13      3.9
173047     33.0      13      3.9
173102     33.0      13      3.9
173117     33.0      14      3.9
173132     33.0      14      3.9
173147     33.0      14      3.9
173203     33.0      14      3.9
173218     33.0      15      3.9
173233     33.0      15      3.9
173248     33.0      15      3.9
173303     33.0      15      3.9
173318     32.0      16      3.9
173334     32.0      16      3.9
173349     32.0      16      3.9
173404     32.0      16      3.9
173419     32.0      16      3.9
173434     32.0      17      3.9
173449     32.0      17      3.9
173504     32.0      17      3.9
173520     32.0      17      3.9
173535     32.0      18      3.9
173550     32.0      18      3.9
173605     32.0      18      3.9
173620     32.0      18      3.9
173635     32.0      19      3.9
173650     32.0      19      3.9
173706     32.0      19      3.9
173721     32.0      19      3.9
173736     32.0      20      3.9
173751     32.0      20      3.9
173806     32.0      20      4.0
173821     32.0      20      4.0
173836     32.0      21      4.0
173852     32.0      21      4.0
173907     32.0      21      4.0
173922     32.0      22      4.0
173937     32.0      22      4.0
173952     32.0      22      4.0
174007     32.0      22      4.0
174022     32.0      22      4.0
174038     32.0      23      4.0
174053     32.0      23      4.0
174108     32.0      23      4.0
174123     33.0      23      4.0
174138     33.0      24      4.0
174153     33.0      24      4.0
174208     33.0      24      4.0
174224     33.0      24      4.0
174239     33.0      25      4.0
174254     33.0      25      4.0
174309     33.0      25      4.0
174324     33.0      25      4.0
174339     33.0      26      4.0
174354     33.0      26      4.0
174410     33.0      26      4.0
174425     33.0      26      4.0
174440     33.0      27      4.0
174455     33.0      27      4.0
174510     33.0      27      4.0
174526     33.0      27      4.0
174541     33.0      28      4.0
174556     33.0      28      4.0
174611     33.0      28      4.0
174626     33.0      28      4.0
174641     33.0      29      4.0
174656     33.0      29      4.0
174712     33.0      29      4.0
174727     33.0      29      4.0
174742     33.0      30      4.0
174757     33.0      30      4.0
174812     33.0      30      4.0
174827     33.0      30      4.0
174842     33.0      31      4.0
174858     33.0      31      4.0
174913     33.0      31      4.0
174928     33.0      31      4.0
174943     33.0      32      4.0
174958     33.0      32      4.0
175013     33.0      32      4.0
175029     33.0      32      4.0
175044     33.0      33      4.0
175059     33.0      33      4.0
175114     33.0      33      4.0
175129     33.0      33      4.0
175144     33.0      34      4.0
175159     33.0      34      4.0
175215     33.0      34      4.0
175230     33.0      34      4.0
175245     33.0      35      4.0
175300     33.0      35      4.0
175315     33.0      35      4.0
175331     33.0      35      4.0
175346     33.0      36      4.0
175401     33.0      36      4.0
175416     33.0      36      4.0
175431     33.0      36      4.0
175446     33.0      36      4.0
175502     33.0      37      4.0
175517     33.0      37      4.0
175532     33.0      37      4.0
175547     33.0      37      4.0
175602     33.0      38      4.0
175617     33.0      38      4.0
175632     33.0      38      4.0
175647     33.0      38      4.0
175703     33.0      39      4.0
175718     33.0      39      4.0
175733     33.0      39      4.0
175748     33.0      39      4.0
175803     33.0      40      4.0
175818     33.0      40      4.0
175833     33.0      40      4.0
175849     33.0      40      4.0
175904     33.0      41      4.0
175919     33.0      41      4.0
175934     33.0      41      4.0
175949     33.0      41      4.0
180005     33.0      42      4.0
180020     34.0      42      4.0
180124     34.0      43      4.0
180139     34.0      43      4.0
180154     34.0      43      4.0
180209     34.0      44      4.0
180224     34.0      44      4.0
180239     34.0      44      4.0
180254     34.0      44      4.0
180310     34.0      45      4.0
180325     34.0      45      4.0
180340     34.0      45      4.0
180355     34.0      45      4.0
180410     34.0      46      4.0
180425     34.0      46      4.0
180440     34.0      46      4.0
180456     34.0      46      4.0
180511     34.0      47      4.0
180526     34.0      47      4.0
180541     34.0      47      4.0
180556     34.0      47      4.0
180611     34.0      48      4.0
180626     34.0      48      4.0
180642     34.0      48      4.0
180657     34.0      48      4.0
180712     34.0      49      4.0
180727     34.0      49      4.0
180742     34.0      49      4.0
180759     34.0      49      4.0
180814     34.0      49      4.0
180829     34.0      50      4.0
180844     34.0      50      4.0
180859     34.0      50      4.1
180915     34.0      50      4.1
180930     34.0      51      4.1
180945     34.0      51      4.1
181000     34.0      51      4.1
181016     34.0      51      4.1
181031     34.0      52      4.1
181047     34.0      52      4.1
181103     34.0      52      4.1
181119     34.0      52      4.1
181134     34.0      53      4.1
181150     34.0      53      4.1
181205     34.0      53      4.1
181220     34.0      53      4.1
181235     34.0      54      4.1
181251     34.0      54      4.1
181306     34.0      54      4.1
181321     34.0      54      4.1
181336     34.0      55      4.1
181351     34.0      55      4.1
181406     34.0      55      4.1
181421     34.0      55      4.1
181437     34.0      56      4.1
181452     34.0      56      4.1
181507     34.0      56      4.1
181523     34.0      56      4.1
181538     34.0      57      4.1
181553     34.0      57      4.1
181608     34.0      57      4.1
181623     34.0      58      4.1
181638     34.0      58      4.1
181653     34.0      58      4.1
181709     34.0      58      4.1
181724     34.0      59      4.1
181739     34.0      59      4.1
181754     34.0      59      4.1
181809     34.0      59      4.1
181824     34.0      60      4.1
181839     34.0      60      4.1
181855     34.0      60      4.1
181910     34.0      60      4.1
181925     34.0      61      4.1
181940     34.0      61      4.1
181955     34.0      61      4.1
182010     34.0      61      4.1
182026     34.0      62      4.1
182041     34.0      62      4.1
182056     34.0      62      4.1
182111     34.0      62      4.1
182126     34.0      62      4.1
182141     34.0      62      4.1
182156     34.0      63      4.1
182212     34.0      63      4.1
182227     34.0      63      4.1
182242     34.0      63      4.1
182257     34.0      64      4.1
182312     34.0      64      4.1
182327     34.0      64      4.1
182342     34.0      64      4.1
182358     34.0      65      4.1
182413     34.0      65      4.1
182428     34.0      65      4.1
182443     34.0      65      4.1
182458     34.0      66      4.1
182513     34.0      66      4.1
182528     34.0      66      4.1
182544     34.0      66      4.1
182559     35.0      67      4.1
182614     35.0      67      4.1
182629     35.0      67      4.1
182644     35.0      68      4.1
182700     35.0      68      4.1
182715     35.0      68      4.1
182730     35.0      68      4.1
182745     35.0      69      4.1
182800     35.0      69      4.2
182815     35.0      69      4.2
182830     35.0      69      4.2
182846     35.0      70      4.2
182901     35.0      70      4.2
182916     35.0      70      4.2
182931     35.0      70      4.2
182946     35.0      71      4.2
183001     35.0      71      4.2
183016     35.0      71      4.2
183032     35.0      71      4.2
183047     35.0      72      4.2
183102     35.0      72      4.2
183117     35.0      72      4.2
183132     35.0      72      4.2
183148     35.0      73      4.2
183203     35.0      73      4.2
183218     35.0      73      4.2
183233     35.0      73      4.2
183248     35.0      74      4.2
183303     35.0      74      4.2
183318     35.0      74      4.2
183334     35.0      74      4.2
183349     35.0      75      4.2
183404     35.0      75      4.2
183419     35.0      75      4.2
183434     35.0      75      4.2
183449     35.0      75      4.2
183505     35.0      75      4.2
183520     35.0      76      4.2
183535     35.0      76      4.2
183550     35.0      76      4.2
183605     35.0      76      4.2
183621     35.0      77      4.2
183636     35.0      77      4.2
183651     35.0      77      4.2
183706     35.0      78      4.2
183721     35.0      78      4.2
183737     35.0      78      4.2
183752     35.0      78      4.2
183807     35.0      79      4.2
183822     35.0      79      4.2
183837     35.0      79      4.2
183852     35.0      79      4.2
183908     35.0      80      4.2
183923     35.0      80      4.2
183938     35.0      80      4.2
183953     35.0      80      4.2
184008     35.0      81      4.3
184023     35.0      81      4.3
184038     35.0      81      4.3
184053     35.0      81      4.3
184109     35.0      82      4.3
184124     35.0      82      4.3
184139     35.0      82      4.3
184233     35.0      83      4.3
184248     35.0      83      4.3
184303     35.0      83      4.3
184319     35.0      84      4.3
184334     35.0      84      4.3
184349     35.0      84      4.3
184404     35.0      84      4.3
184420     35.0      85      4.3
184435     35.0      85      4.3
184450     35.0      85      4.3
184505     35.0      85      4.3
184520     35.0      85      4.3
184535     35.0      86      4.3
184550     35.0      86      4.3
184606     35.0      86      4.3
184621     35.0      86      4.3
184636     35.0      87      4.3
184651     35.0      87      4.3
184706     35.0      87      4.3
184721     35.0      87      4.3
184736     35.0      88      4.3
184752     35.0      88      4.3
184807     35.0      88      4.3
184822     35.0      88      4.3
184837     36.0      88      4.3
184852     36.0      89      4.3
184907     35.0      89      4.3
184922     35.0      89      4.3
184938     35.0      89      4.3
184953     35.0      90      4.3
185008     35.0      90      4.3
185023     35.0      90      4.3
185038     35.0      90      4.3
185053     35.0      90      4.3
185108     35.0      90      4.3
185123     35.0      90      4.3
185139     35.0      90      4.3
185154     35.0      90      4.3
185209     35.0      91      4.3
185224     35.0      91      4.3
185239     35.0      91      4.3
185254     35.0      91      4.3
185309     34.0      91      4.3
185325     34.0      91      4.3
185340     34.0      91      4.3
185355     34.0      91      4.3
185410     34.0      92      4.3
185425     34.0      92      4.3
185440     34.0      92      4.3
185455     34.0      92      4.3
185511     34.0      92      4.3
185526     34.0      92      4.3
185541     34.0      93      4.3
185556     34.0      93      4.3
185611     34.0      93      4.3
185626     34.0      93      4.3
185641     34.0      93      4.3
185657     34.0      93      4.3
185712     34.0      94      4.3
185727     34.0      94      4.3
185742     34.0      94      4.3
185757     34.0      94      4.3
185812     33.0      94      4.3
185827     33.0      94      4.3
185843     33.0      95      4.3
185858     33.0      95      4.3
185913     33.0      95      4.3
185928     33.0      95      4.3
185943     33.0      95      4.3
185958     33.0      95      4.3
190014     33.0      95      4.3
190029     33.0      95      4.3
190044     33.0      96      4.3
190059     33.0      96      4.3
190114     33.0      96      4.3
190129     33.0      96      4.3
190144     33.0      96      4.3
190200     33.0      96      4.3
190215     33.0      96      4.3
190230     33.0      96      4.3
190245     33.0      97      4.3
190300     33.0      97      4.3
190315     33.0      97      4.3
190330     33.0      97      4.3
190346     33.0      97      4.3
190401     33.0      97      4.3
190416     32.0      97      4.3
190431     32.0      97      4.3
190446     32.0      97      4.3
190501     32.0      97      4.3
190517     32.0      98      4.3
190532     32.0      98      4.3
190547     32.0      98      4.3
190602     32.0      98      4.3
190617     32.0      98      4.3
190632     32.0      98      4.3
190647     32.0      98      4.3
190703     32.0      98      4.3
190718     32.0      99      4.3
190733     32.0      99      4.3
190748     32.0      99      4.3
190803     32.0      99      4.3
190818     32.0      99      4.3
190834     32.0      99      4.3
190849     32.0      99      4.3
190904     32.0      99      4.3
190919     32.0      99      4.3
190934     32.0      99      4.3
190949     32.0      99      4.3
191004     32.0      99      4.3
191020     32.0      99      4.3
191035     32.0      99      4.3
191050     32.0      100      4.3
191105     32.0      100      4.3
